15
0.00 13.00 14.04 10.63 2.00 3.16 1.00 13.34 3.00 13.04 12.53 4.47 13.15 6.32 13.15 
13.00 0.00 1.41 10.00 13.15 12.37 13.04 3.00 13.34 1.00 6.32 11.70 2.00 12.53 2.00 
14.04 1.41 0.00 9.90 14.32 13.60 14.00 2.24 14.14 2.24 5.83 13.00 3.16 13.00 1.41 
10.63 10.00 9.90 0.00 12.21 12.53 9.90 7.81 8.60 10.82 4.47 13.00 11.66 5.39 8.49 
2.00 13.15 14.32 12.21 0.00 1.41 3.00 13.93 5.00 13.04 13.60 2.83 13.00 8.25 13.60 
3.16 12.37 13.60 12.53 1.41 0.00 4.12 13.42 6.08 12.17 13.45 1.41 12.04 9.06 13.00 
1.00 13.04 14.00 9.90 3.00 4.12 0.00 13.15 2.00 13.15 12.08 5.39 13.34 5.39 13.04 
13.34 3.00 2.24 7.81 13.93 13.42 13.15 0.00 13.00 4.00 3.61 13.04 5.00 11.40 1.00 
3.00 13.34 14.14 8.60 5.00 6.08 2.00 13.00 0.00 13.60 11.40 7.28 13.93 3.61 13.04 
13.04 1.00 2.24 10.82 13.04 12.17 13.15 4.00 13.60 0.00 7.28 11.40 1.00 13.04 3.00 
12.53 6.32 5.83 4.47 13.60 13.45 12.08 3.61 11.40 7.28 0.00 13.45 8.25 9.00 4.47 
4.47 11.70 13.00 13.00 2.83 1.41 5.39 13.04 7.28 11.40 13.45 0.00 11.18 10.00 12.53 
13.15 2.00 3.16 11.66 13.00 12.04 13.34 5.00 13.93 1.00 8.25 11.18 0.00 13.60 4.00 
6.32 12.53 13.00 5.39 8.25 9.06 5.39 11.40 3.61 13.04 9.00 10.00 13.60 0.00 11.70 
13.15 2.00 1.41 8.49 13.60 13.00 13.04 1.00 13.04 3.00 4.47 12.53 4.00 11.70 0.00